0 0.21523668639053256 0.017386587771203155 0.3076923076923077 0.020710059171597628 
0 0.7041420118343196 0.016893491124260356 0.30621301775147935 0.02169625246548323 
0 0.21338757396449703 0.3477613412228797 0.23002958579881658 0.022682445759368855 
0 0.7022928994082841 0.3448027613412229 0.22855029585798817 0.024654832347140002 
0 0.7037721893491125 0.676163708086785 0.3158284023668639 0.024654832347140047 
0 0.21412721893491124 0.676163708086785 0.31434911242603547 0.024654832347140047 
1 0.45081360946745563 0.17517751479289942 0.05399408284023671 0.31459566074950696 
1 0.4497041420118343 0.5075246548323471 0.04733727810650883 0.3145956607495069 
1 0.4504437869822485 0.8354339250493097 0.05325443786982248 0.3076923076923077 
1 0.9397189349112426 0.8354339250493098 0.04807692307692321 0.3116370808678502 
1 0.9404585798816568 0.5065384615384615 0.04955621301775153 0.3106508875739645 
1 0.9389792899408285 0.17517751479289942 0.04955621301775153 0.31459566074950696 
