0 0.15461168639053255 0.017815581854043396 0.19827662721893488 0.03563116370808679 
0 0.6974852071005917 0.019358974358974358 0.30769230769230765 0.038461538461538464 
0 0.19415680473372782 0.3521992110453649 0.28772189349112426 0.057199211045364864 
0 0.6989644970414202 0.35121301775147934 0.2736686390532544 0.05128205128205129 
0 0.27847633136094674 0.6791222879684419 0.367603550295858 0.06410256410256408 
1 0.3557692307692308 0.18898422090729783 0.17899408284023668 0.25936883629191326 
1 0.8572485207100593 0.19095660749506904 0.21301775147929006 0.257396449704142 
1 0.8609467455621302 0.5297140039447732 0.187869822485207 0.28007889546351084 
1 0.3542899408284024 0.525276134122288 0.1893491124260355 0.2613412228796845 
1 0.3546597633136095 0.8605818540433925 0.11316568047337273 0.257396449704142 
